Multiple size <= 100
TEST 2 ARG:76 29 95 42 6 35 54 33 81 71 53 9 2 12 64 49 37 0 10 87 3 85 27 75 5 74 72 59 90 45 30 66 84 46 65 82 28 13 98 60 26 93 58 15 34 79 25 4 62 70 44 51 57 61 7 50 77 86 80 11 41 14 17 8 56 88 36 96 68 22 99 69 91 78 32 24 73 89 67 16 55 83 18 47 23 48 40 52 31 97 63 43 39 94 1 38 92 20 21 19
TEST 17 ARG:95 60 65 8 24 78 81 6 39 27 22 61 10 47 44 40 43 96 76 29 4 20 97 48 34 25 38 66 53 68 58 92 9 70 71 85 37 41 74 79 83 77 91 21 63 16 36 3 2 19 51 86 1 72 62 64 56 94 0 80 30 35 55 28 11 42 5 49 98 57 14 26 69 23 15 89 87 73 33 99 93 90 46 52 75 67 12 18 7 82 45 13 59 32 88 17 54 31 50 84
TEST 35 ARG:13 43 4 75 37 40 59 67 42 68 98 91 36 41 7 78 26 16 97 33 72 86 93 2 23 73 1 90 18 0 88 80 85 8 32 74 11 54 94 57 71 17 60 45 35 96 77 46 58 87 9 12 25 92 65 5 55 82 39 47 24 27 84 66 15 62 3 6 76 52 21 48 61 19 79 69 44 83 22 49 51 29 81 28 50 53 10 31 34 99 20 14 30 63 38 64 70 89 56 95
TEST 56 ARG:98 55 40 61 15 79 19 80 7 82 35 72 70 39 51 14 64 24 67 85 25 46 20 36 5 11 59 63 74 86 54 92 26 0 66 69 38 45 88 62 33 52 76 4 99 95 49 48 8 9 43 90 17 30 10 18 87 78 41 94 68 73 34 53 23 1 58 47 77 83 57 65 16 28 89 96 12 44 56 60 6 97 84 32 93 2 29 22 50 42 31 37 3 81 27 13 91 21 75 71
TEST 63 ARG:38 86 93 91 98 63 28 84 42 65 80 58 3 18 0 46 78 13 62 60 26 45 87 40 14 68 27 61 47 36 31 43 75 10 81 44 24 70 94 2 53 85 67 37 11 6 72 69 15 49 99 76 32 4 20 56 57 52 17 48 59 7 12 8 74 21 5 1 22 73 34 89 95 30 35 79 83 97 96 16 41 66 29 23 54 25 71 64 9 50 19 82 92 77 88 39 90 33 55 51
TEST 67 ARG:96 95 43 16 36 88 94 83 27 24 68 61 73 78 56 79 66 1 11 58 40 6 39 55 17 50 3 65 92 49 13 28 7 86 84 98 29 8 45 74 48 34 80 33 38 31 52 71 91 26 15 32 44 72 69 21 14 93 76 89 46 18 37 67 23 4 85 51 87 70 41 47 99 59 77 81 0 62 97 42 19 30 2 22 12 35 10 20 90 53 9 82 5 57 25 64 63 54 60 75
TEST 97 ARG:58 84 41 44 50 10 63 38 25 86 27 36 81 20 3 93 82 48 69 13 19 14 46 49 56 8 15 98 6 33 7 67 23 53 70 97 35 94 61 85 83 43 80 75 77 29 51 26 17 65 72 73 55 34 42 95 90 59 31 96 64 92 0 30 52 78 68 28 5 4 39 57 9 11 2 21 22 89 66 37 47 40 88 12 32 99 79 1 16 74 76 54 18 91 24 71 62 60 87 45
TEST 101 ARG:78 60 31 76 29 19 1 50 63 61 7 86 82 26 69 10 96 30 77 65 21 45 15 55 25 39 80 33 43 56 40 64 94 12 72 59 18 24 44 32 84 66 37 57 49 34 93 68 81 27 79 4 83 46 88 36 92 42 70 51 89 35 6 99 23 75 67 47 91 85 22 71 28 0 98 3 13 54 90 95 2 97 48 14 52 38 5 9 8 62 58 41 20 16 73 74 17 53 87 11
TEST 129 ARG:21 65 16 38 88 81 82 3 28 54 87 47 15 84 93 20 49 67 22 14 37 91 79 19 92 55 85 5 17 56 12 36 62 30 0 31 83 11 94 52 29 34 4 99 98 6 23 53 50 70 59 75 39 8 72 97 63 32 2 77 41 80 61 40 48 7 26 89 24 73 43 45 74 76 44 96 69 78 10 86 27 71 68 58 1 42 90 64 13 35 95 18 57 9 60 25 46 51 66 33
TEST 131 ARG:13 74 76 50 4 30 5 1 58 51 79 70 99 44 53 40 19 94 80 87 72 31 61 91 46 35 18 22 29 93 34 24 37 17 12 59 64 95 83 85 71 21 27 2 82 10 96 7 49 97 42 45 73 57 68 16 81 3 75 36 88 66 8 56 86 26 9 20 89 54 0 55 47 23 52 39 14 90 65 60 92 11 15 77 63 33 84 43 98 62 6 32 38 78 28 25 41 67 48 69
TEST 140 ARG:94 27 33 78 54 35 81 63 11 75 8 42 29 83 6 66 88 69 1 64 9 30 97 31 28 73 50 67 53 84 96 76 26 0 52 99 55 90 65 43 91 37 79 48 3 74 25 61 39 80 46 57 60 24 12 10 5 16 7 14 45 89 19 13 41 92 32 18 34 40 72 2 98 58 85 38 56 22 51 21 59 44 49 68 77 62 87 17 95 4 71 20 70 82 47 36 93 15 23 86
TEST 152 ARG:75 88 80 6 20 53 66 31 82 54 8 13 69 35 50 67 21 29 63 60 0 16 62 86 87 7 37 83 57 38 15 42 34 61 5 96 17 40 91 59 78 70 23 11 90 46 76 18 25 95 28 44 14 77 74 24 93 32 71 64 9 49 85 26 72 84 81 47 12 99 30 2 41 4 39 97 55 68 94 89 65 73 45 58 52 51 92 10 98 43 36 79 1 33 48 56 27 3 22 19
TEST 156 ARG:41 74 0 30 83 8 6 52 27 95 76 38 22 57 11 51 24 58 39 93 19 61 90 13 54 23 85 84 69 26 71 25 47 44 2 88 9 31 94 53 20 75 21 40 89 50 48 59 17 72 66 5 49 14 3 64 80 79 10 56 78 12 92 91 67 86 77 33 97 99 46 96 65 18 36 4 1 55 28 29 87 42 73 63 68 15 82 43 70 37 60 62 7 16 98 45 35 32 34 81
TEST 164 ARG:77 42 72 33 2 69 55 71 56 93 27 52 89 43 47 65 0 68 66 83 70 98 86 16 97 38 48 19 51 73 90 11 30 63 99 80 74 28 36 34 57 92 62 41 29 31 85 96 32 25 82 24 78 6 79 46 9 64 23 91 26 8 81 22 95 76 10 17 58 61 13 40 50 18 44 3 88 35 7 87 21 67 39 15 45 84 20 4 5 94 12 49 1 59 53 54 37 14 75 60
TEST 173 ARG:2 19 11 30 72 58 6 69 13 45 41 88 60 66 26 98 38 93 83 80 55 15 12 90 47 76 65 34 86 53 5 7 20 14 87 61 92 56 97 52 67 85 77 81 64 37 96 1 21 62 39 29 75 79 71 57 68 36 73 27 10 50 25 54 32 63 24 8 23 95 9 3 42 82 31 74 48 0 46 17 59 51 33 89 28 22 16 78 91 84 35 4 49 44 99 70 94 40 18 43
TEST 185 ARG:6 15 30 29 1 22 47 34 88 59 84 10 78 48 19 98 96 76 28 85 62 46 72 71 14 4 77 75 36 64 99 53 24 55 83 7 65 31 54 45 97 12 66 41 81 73 16 39 35 49 91 86 92 37 93 5 50 21 20 8 68 60 80 9 40 69 52 70 43 18 94 11 27 63 67 23 57 44 90 79 82 74 17 89 2 32 26 95 42 3 0 33 13 56 51 61 25 58 87 38
TEST 197 ARG:1 42 96 91 49 60 85 65 7 41 86 76 3 88 8 53 89 36 47 50 22 90 94 17 59 81 72 10 24 9 61 33 56 18 16 66 0 20 58 83 54 98 5 46 82 26 92 19 84 35 95 13 40 80 29 38 44 2 99 25 11 34 21 93 74 75 69 55 30 31 71 70 14 51 62 37 6 48 87 4 32 43 27 28 12 15 68 45 78 97 52 57 39 79 63 73 77 67 23 64
Multiple size <= 500
TEST 1 ARG:-240 -94 -5 153 -201 103 71 144 -250 -2 246 -65 24 173 45 -14 200 -163 -165 -197 -98 31 113 -122 -180 -138 -52 4 68 155 240 -47 87 -244 44 21 -131 209 -63 -148 39 -118 -154 118 203 8 -74 -110 123 -59 -56 183 -145 142 -72 107 -208 -84 -39 -245 146 85 -19 247 -80 -108 114 42 125 -1 -170 91 38 143 88 132 124 -172 162 -103 -79 -200 -214 16 -183 -37 -232 -126 -146 34 -25 2 47 -159 110 158 -243 -49 145 -249 -231 182 -193 5 -166 -242 79 32 233 136 -9 210 -54 229 -132 -10 11 185 -189 54 -40 -142 66 -116 191 -176 100 152 -152 -21 149 174 -141 60 -140 12 -15 -88 -125 -223 -32 14 -203 99 46 72 -69 -100 22 249 196 -241 -50 -177 133 -61 -44 -77 -202 178 56 -23 -82 65 -109 -188 -168 -246 -169 238 -102 237 -156 -135 62 160 -24 165 -227 -64 -237 59 161 -78 33 -114 109 -73 130 -83 214 -43 225 172 105 -192 227 82 156 36 222 -234 -95 193 223 131 37 148 -130 -17 -107 95 92 -209 -216 -29 108 -219 -41 57 139 -70 216 -104 -27 55 19 30 51 43 6 28 52 -184 74 -143 -81 -204 -212 -22 -233 89 -123 75 -113 -18 -38 -210 86 -158 29 231 141 -239 -90 61 -13 73 26 58 -106 -120 176 163 -179 0 -124 -178 23 -225 -160 211 -30 167 -174 116 -101 -105 -57 -115 189 90 104 -62 164 228 -229 205 -150 -230 235 -181 117 -175 96 -48 248 190 -53 -92 -206 7 -45 111 -136 206 -228 180 -112 157 17 -8 -31 -128 -221 177 121 -144 -162 -46 -213 1 201 -67 -28 -149 -85 -68 126 198 218 199 243 63 -76 192 122 -137 -173 166 -75 -3 50 112 -205 -129 -157 170 236 135 -207 -33 242 3 -7 187 -16 -236 -34 -91 -133 220 208 -12 -42 53 84 186 195 -248 -66 175 -117 129 -186 77 -86 20 -220 -11 15 134 128 93 202 150 -89 224 -235 -247 -4 -97 -164 67 194 241 -218 -6 171 -71 76 245 -182 64 -87 140 -196 221 -51 10 -198 219 -195 83 181 -194 147 18 106 137 207 -127 -93 -147 212 94 168 35 -153 234 -191 127 -96 -238 151 102 204 81 49 41 48 -36 232 119 70 -211 213 78 -139 188 9 179 244 217 -55 25 -185 -111 115 40 -58 -217 -60 -199 -155 -26 -190 -224 -226 215 27 154 80 138 184 230 101 -167 98 197 120 169 159 13 -121 69 -119 -161 226 -35 -151 -171 -20 239 -215 -134 97 -99 -187 -222
TEST 2 ARG:243 222 28 161 -196 -138 -90 106 -122 54 3 -161 203 148 -240 -169 242 -195 99 -54 186 107 124 130 19 -78 48 -65 -104 92 40 -174 57 -25 128 126 -198 14 -85 194 -115 213 -26 -144 2 68 134 229 244 114 233 172 -183 -32 -130 -200 94 84 93 64 -151 -98 201 142 70 21 -156 -132 -74 -201 -158 177 165 30 -48 79 231 -88 157 -72 -36 -142 189 24 97 -46 66 -73 4 209 -139 193 22 -95 -236 -230 75 147 153 101 -33 232 -167 -147 -171 42 174 -77 249 -8 -192 139 196 81 127 -106 181 206 -208 208 29 -42 -64 -70 -216 -193 170 167 -5 69 -113 -111 245 237 210 -241 -225 230 109 -232 -224 -148 5 58 144 191 18 240 88 -16 149 -211 72 74 -215 -96 102 202 -221 120 -63 -21 -250 -58 53 -203 228 162 -128 -89 155 -107 -231 87 118 146 -199 123 -155 -39 -29 49 -177 -116 184 180 47 -12 226 6 200 -105 -233 -120 -86 -62 -13 -134 122 -249 -31 26 -81 -11 96 207 -244 143 -219 241 185 247 103 -79 105 10 80 104 -214 85 108 -91 215 -217 71 -82 -124 164 248 -239 168 -7 235 -121 -242 121 15 98 13 -227 -164 -83 246 -149 116 1 183 -18 -159 -9 -51 -160 -80 -50 -71 227 234 173 -6 -108 112 -206 171 -47 -23 -190 -194 -117 -14 199 -162 -133 -93 8 -49 -187 -61 37 100 -53 65 190 187 175 67 -34 179 -157 -40 -226 17 20 -202 83 -204 211 -173 141 -229 -2 117 38 -127 -188 -179 224 33 129 -125 -205 -238 204 -87 62 -180 -35 218 -186 136 43 192 -176 -207 197 -67 154 9 132 90 198 63 159 32 -57 59 -234 -235 25 -123 -41 238 -118 -175 113 61 225 -150 125 -170 31 236 -56 -52 -66 -19 111 160 -145 -197 78 45 -146 -4 214 76 -59 -152 46 151 -178 -10 35 -237 -223 -92 50 -37 115 163 -168 39 86 -119 -185 -45 51 -55 -30 44 77 -27 137 -97 -184 220 -126 -140 -110 -189 -43 -84 158 152 166 -172 -101 -94 -209 140 -100 -165 60 27 -60 -75 119 195 95 205 -153 23 169 -76 221 -102 156 -228 -99 188 12 -24 138 41 223 0 -247 7 -243 11 135 16 -248 -44 -1 73 36 -68 -137 -38 -112 182 150 131 34 -129 -218 89 -136 176 52 -143 239 219 -191 212 -20 -181 -245 -246 -210 -141 -182 -163 -222 -109 -69 -15 -154 -212 -131 91 -28 145 56 82 -220 -135 -166 55 110 178 -3 -17 216 -22 -114 217 -103 133 -213
TEST 3 ARG:-4 -211 148 -6 -64 -127 152 132 15 191 -105 50 -142 249 -16 90 221 -57 54 56 118 -196 -238 -187 235 -199 -212 83 150 16 -26 -237 -61 124 -227 -207 61 1 -206 -121 -74 11 -51 -124 -147 218 -71 205 -107 104 182 -70 -176 -143 -201 80 42 -19 20 95 227 24 -167 -140 219 22 98 -128 -92 -153 -68 192 -47 -7 -76 228 135 171 130 14 65 195 -245 157 48 -83 79 82 123 -93 -116 105 -218 -139 164 -122 -148 176 233 75 26 237 213 38 234 -179 -10 49 96 51 185 -131 115 -149 94 201 57 70 -59 -123 -118 -171 -230 -72 211 244 12 112 73 -99 29 -37 247 127 -12 -195 -175 -22 190 -189 -111 -213 -146 31 -174 40 -222 -34 64 183 89 -85 200 -45 -210 163 93 35 8 0 -209 -208 243 245 198 -62 -184 236 -133 170 193 -248 97 -21 -125 -217 102 155 -228 -224 232 -44 230 142 174 139 -194 -69 119 66 240 120 34 -98 37 74 -24 -157 -17 -113 -132 222 -1 -15 217 -3 158 -5 106 -145 -136 -169 68 -50 194 -54 71 216 202 -129 62 55 122 41 -114 226 131 165 -221 238 25 146 248 -219 140 125 -183 -73 111 -198 -39 224 121 -202 -20 -229 -161 -112 -110 -164 -104 92 -32 -80 -152 27 -231 -18 -106 30 -144 -200 220 -33 -79 -97 -243 117 215 -11 -154 -100 -168 -8 18 -75 -234 -244 114 -249 -173 -130 -46 133 -242 28 172 -170 173 -63 -158 -163 161 60 197 -180 -109 -192 3 110 -205 -137 47 -89 178 100 -41 -102 -29 -197 -115 225 -138 9 210 -43 175 21 -9 206 143 -23 109 116 -36 138 -40 159 -226 -160 -96 78 204 -14 -108 -155 162 229 -220 59 107 231 -178 -203 58 -119 63 -190 -55 141 -38 -78 108 -240 -182 -250 67 -235 137 43 129 36 -159 -65 136 151 239 32 -53 -66 76 -223 -188 13 87 -95 -239 187 167 -193 -181 -42 147 -31 -204 19 166 -52 189 46 -82 88 181 81 103 44 -49 17 168 153 -90 99 -247 -87 126 -216 -56 -246 -186 -81 209 -88 86 -236 149 45 156 207 -172 186 -191 33 -165 -232 -215 -2 72 -48 177 -84 -94 128 -25 154 52 -166 -126 241 144 53 -86 5 242 -13 -225 85 180 -162 6 -185 7 4 212 -30 39 -67 199 179 -27 -150 69 203 91 -134 196 160 113 10 -28 -214 -101 -60 134 184 -58 -233 -135 -241 169 208 246 145 -141 84 -103 101 -177 -77 -91 188 -117 -151 223 2 -156 -120 -35 214 23 77
TEST 4 ARG:50 -224 -153 88 -20 -22 98 209 68 -188 7 137 -230 211 -143 -34 -139 104 -151 198 -74 -9 -212 182 -211 237 85 -154 -58 37 -6 66 228 -170 208 130 -227 91 112 -96 -92 -197 0 122 -108 -4 8 -176 -234 9 -164 18 35 -15 -213 164 -198 -70 -1 -57 -42 -203 193 153 -64 -54 -121 235 36 -192 217 -38 -235 132 158 124 -167 144 -202 6 -171 -189 40 241 -190 93 -149 -97 109 149 2 242 216 -26 -138 34 -43 145 236 -186 -86 -216 -56 -71 -16 239 -5 -40 -228 207 44 135 -113 97 105 -53 -136 -185 116 86 56 -225 -41 -25 100 -50 152 -60 -49 -107 -172 172 63 -73 -90 199 49 89 51 54 19 71 183 163 181 -142 -114 -30 -222 189 20 -11 224 -162 202 171 136 76 -8 114 101 176 192 -98 -2 249 -116 126 212 10 -10 173 31 96 -95 -84 141 127 80 220 -238 215 194 175 65 -217 -127 238 -61 -137 125 77 -182 166 43 -52 -215 79 -130 -33 231 58 -181 248 52 12 -243 -194 -63 -78 -46 213 -27 -83 133 -59 -144 -133 -155 190 -208 -31 174 106 83 -166 -81 -145 147 157 -150 -201 -77 185 -196 26 48 200 -147 22 128 184 156 -229 -32 -233 -18 227 -47 70 -248 117 30 178 45 -128 197 4 60 148 15 170 -249 -131 225 140 -109 -82 139 113 -3 -160 -124 179 155 75 -221 187 218 107 245 180 -28 95 -122 -55 201 -62 -123 160 -158 17 229 -105 -180 21 -69 -21 74 203 -245 62 -68 119 -132 -110 -89 -76 121 -13 -200 123 -67 143 -129 -19 99 188 146 118 -104 -157 -100 3 150 -7 -87 69 131 -204 29 81 -175 210 -241 -244 -111 -23 33 -126 -119 -39 23 -141 196 -120 -207 204 94 53 206 -17 -51 -242 -79 -174 -178 168 -152 -14 -65 59 244 57 -177 -103 115 24 -159 72 -220 -24 -146 14 42 222 -99 -48 154 -231 -88 -184 240 205 25 -29 -183 -134 -101 159 -187 90 64 -250 247 -210 108 195 -205 -240 102 243 -195 186 38 -226 161 -193 214 165 73 -223 191 84 219 -165 169 -247 232 87 -75 -80 -179 -239 -94 -37 -135 -45 120 138 246 61 28 -112 -209 -206 -156 -44 -163 -236 47 5 -173 -118 -191 -115 -91 41 -140 -246 46 16 -219 -35 177 32 82 -199 129 -218 39 -168 -232 230 111 -12 -85 -66 -117 -72 226 13 -106 -237 -36 -169 11 221 -161 233 78 -93 103 110 142 -125 167 -214 55 234 223 134 1 151 -102 -148 92 162 67 27
TEST 5 ARG:196 52 -83 -226 104 159 -227 -154 246 -62 -100 227 235 35 173 208 63 -47 114 -130 59 214 -13 -33 140 209 -159 168 237 141 -71 30 -42 -77 170 -150 81 -70 249 -242 -246 226 174 127 -14 -32 -194 7 -135 69 -86 200 85 97 49 91 -177 -222 -123 -74 212 156 98 -244 222 176 242 39 148 -195 -5 -10 -4 167 195 82 -190 137 115 -106 -191 -156 118 3 -110 -204 -164 -175 65 -238 -49 -113 -234 108 -29 171 22 76 -115 -153 37 -114 134 -203 245 -168 -162 4 -145 210 -193 -213 130 -101 -90 -129 -206 -133 243 -120 -127 -11 17 103 -174 135 230 -45 -8 -151 -36 -223 -82 183 172 184 218 -92 62 -211 139 -34 -231 56 217 -216 -69 -166 47 179 157 105 -48 80 116 58 -84 133 -105 90 68 232 -214 51 -103 -121 -160 16 -68 189 100 88 238 -124 -132 163 -59 -96 -233 201 -12 -99 -201 244 -67 -209 -147 -24 60 -250 10 107 -104 -192 113 96 44 164 -210 247 -224 204 -221 13 129 -80 61 89 215 15 71 67 -54 -51 32 219 -229 124 165 229 86 92 42 169 205 26 -65 -76 206 25 131 216 -56 73 -3 181 207 -94 198 -237 191 -6 -63 194 -93 -200 -50 -199 -152 -198 36 143 -131 -88 -179 53 -52 20 0 -232 -181 64 -247 -243 70 248 -31 83 75 203 -41 166 106 119 225 -146 -169 -111 6 -58 -122 193 84 -109 221 -53 112 -236 -136 -228 -202 -167 149 160 29 -149 -55 223 111 -163 -225 41 34 18 -66 117 180 -22 146 -117 78 -171 -141 142 -60 -176 -184 192 -116 231 -97 -178 158 -128 -107 122 -142 43 147 -239 152 -118 -38 74 136 -46 -79 -125 -26 150 241 186 -219 161 -2 -208 -218 -25 27 -119 -170 -155 94 240 95 -140 24 66 123 239 -196 -188 190 -16 236 -30 -28 5 99 -89 -158 -61 144 151 -91 -112 -18 -157 -1 -189 40 21 102 31 177 -23 213 -217 -230 -85 -87 2 -95 -205 145 -197 234 -75 -72 -215 -102 -235 -81 9 -57 202 -240 54 154 46 -249 72 -161 -137 -40 -43 -139 -185 8 211 -78 -126 175 -143 197 -144 1 155 -165 -183 -44 185 -108 121 -20 12 77 -37 109 -7 128 19 48 132 138 -134 57 14 -19 -138 -27 -182 -39 187 79 38 188 110 28 -73 -35 101 -180 50 87 -15 233 55 -207 23 -187 -248 220 11 -241 199 -173 125 -186 45 153 -9 -64 228 -245 -172 224 -220 33 -148 -17 93 120 162 182 -212 126 -98 -21 178
TEST 6 ARG:187 57 90 -87 72 111 -103 34 -144 -123 -148 -247 195 4 215 124 -3 209 2 188 13 83 116 -111 -109 191 20 -124 121 -191 -160 220 29 162 245 -70 119 -58 -108 -179 128 -93 -185 237 -59 -35 74 27 76 -67 -187 107 -121 96 -16 238 -151 -113 59 -91 32 243 244 -200 61 218 249 71 141 -182 104 -75 -30 -155 177 -110 -140 -37 22 176 -38 -136 -74 -90 -71 125 -213 212 -11 -236 -9 -207 106 225 -95 -23 -176 -159 -50 193 233 91 98 52 247 -218 -196 179 50 186 109 150 192 -132 -126 -246 -217 -202 48 24 175 69 241 -189 58 73 17 158 135 -66 -27 -157 -49 9 -80 147 -250 -239 19 -177 224 -1 -100 -172 47 227 134 -186 8 -210 60 -183 222 -173 137 117 80 210 -174 -225 -29 -17 -51 100 183 166 -69 75 -188 180 219 -212 190 -193 229 -142 65 -22 -206 172 144 -156 223 142 -153 -60 -128 -48 -7 -127 -42 101 21 230 -135 132 -4 -192 152 -2 54 167 -79 -147 -203 -149 -28 -56 165 87 -171 200 -238 -198 41 156 155 197 -101 -194 88 56 -243 -178 -115 136 43 -54 148 -241 -237 -53 63 -63 93 44 -20 55 -228 199 -26 -18 18 205 1 -227 -92 -230 -138 97 206 -163 -119 112 154 -8 -158 -86 -165 -146 211 105 235 14 -25 92 -61 -152 -129 -214 46 213 -170 -226 0 77 126 -166 -181 -62 146 -150 -118 -211 110 138 -24 139 145 -224 -14 53 94 239 228 221 242 -131 -89 -15 -34 86 -47 -94 -244 25 -40 81 -120 95 -190 231 23 169 -99 84 -234 232 -112 33 -76 -52 -32 -245 114 -106 127 173 3 -232 168 -209 89 130 129 203 -229 -116 -130 196 -77 78 -98 -102 37 62 -43 -169 214 40 -162 64 182 -216 118 -19 -57 153 248 -233 -31 189 185 -13 38 31 240 149 -208 133 122 70 -199 -137 -223 30 6 157 -36 -145 82 10 108 -105 68 -107 39 201 -204 -10 -114 115 246 178 -83 184 -219 204 -73 -44 -197 -12 -41 -117 -168 181 -85 -5 15 -175 113 -6 -235 66 -68 -97 -33 -215 236 35 36 102 49 -21 85 207 -240 143 202 -195 -65 226 -231 -133 -249 -167 198 51 216 120 164 170 7 -125 171 67 16 99 -180 5 -81 -220 -205 234 194 208 -55 -72 42 131 -134 -139 -242 163 26 -82 161 -201 11 -221 -45 28 140 123 45 -39 159 -104 -96 -46 -154 160 -78 -164 79 -64 -141 -161 174 -184 -84 -248 -143 217 151 12 -88 -122 103 -222
TEST 7 ARG:188 128 -132 200 -119 -204 -83 247 127 210 -111 173 -114 149 -136 22 99 15 104 -121 75 -215 -194 -87 -171 -26 -122 -113 235 -165 193 96 34 89 195 -181 7 -163 121 -224 -245 -209 6 -154 -177 -197 19 -100 203 74 130 59 -109 107 4 182 11 135 -68 -125 -220 189 -79 -216 137 -14 -179 -41 146 175 -36 215 180 67 -190 133 -242 -57 186 -40 -120 111 -178 -168 167 -176 95 -104 20 -106 -91 93 -151 -44 -210 25 -82 31 222 -123 -112 176 -107 46 174 3 116 27 -225 -60 160 -1 -95 -148 -5 170 101 -27 -110 -61 -228 -200 245 71 -69 -51 -149 30 246 168 76 -172 123 -146 -232 -64 192 16 0 -62 -241 152 -141 -46 -71 161 -116 -29 -89 -185 -238 5 166 -239 185 -124 212 -152 157 -39 221 109 98 54 140 2 -43 -8 171 -37 -31 244 8 -206 -230 230 -144 169 211 -180 134 -9 -72 -75 45 -158 47 -15 194 -33 -54 226 -196 -187 -108 97 12 240 -140 -13 72 132 236 -90 -145 232 213 41 -207 -147 110 -85 151 44 156 13 248 -32 142 -19 -150 -63 -53 64 129 141 -219 -56 -191 -201 112 -212 -231 49 191 241 82 -221 249 -11 162 -137 131 10 -25 36 -192 126 -135 80 -174 -101 -2 100 204 -134 -97 118 190 224 26 79 37 -59 77 56 -243 -236 28 -138 -186 -93 -73 94 -66 184 220 196 -133 -229 -214 18 -24 -227 205 -18 208 122 209 233 177 29 -153 172 -169 102 -128 -213 -170 147 125 -167 237 -4 153 214 -226 65 35 70 17 178 91 -184 207 -199 -48 -20 155 106 -234 187 227 -92 -130 92 120 -12 -49 -76 -70 -182 -250 9 -78 -42 219 -248 84 33 -86 113 -34 -247 -126 -105 164 -160 -157 -115 52 81 32 -50 165 202 -139 136 154 -166 124 -117 -38 138 78 229 105 239 -17 206 -7 62 -162 -98 -183 86 158 51 -45 223 -129 199 -240 39 -235 -6 -203 88 119 143 -131 145 83 -173 68 -161 242 -16 48 163 218 23 -23 60 198 61 -30 115 -94 217 114 -237 197 -3 57 -35 -127 85 234 -21 1 159 -143 -102 73 58 38 24 -84 40 -81 -88 -246 -223 150 -205 -202 90 -47 55 -156 -189 -155 179 -28 139 43 -233 -67 -217 69 -65 201 216 50 -96 -249 225 228 -74 -244 -99 -142 243 181 -159 -188 21 144 -22 -222 14 -193 87 -58 -52 -211 -198 -103 63 -208 -118 -55 117 -10 183 -218 231 108 53 -195 66 -77 103 -164 42 238 148 -175 -80
TEST 8 ARG:-162 53 119 -91 56 47 18 -96 -163 149 -19 247 -202 -181 174 244 30 -250 -88 200 -221 129 -57 -154 86 -62 19 158 154 113 -147 57 -17 -113 -54 -14 48 -46 186 -99 248 179 -150 141 -50 98 172 -132 111 138 -148 -219 -47 -173 80 -213 121 -161 -235 212 68 36 -174 130 156 -55 -177 95 87 213 -166 -239 -233 13 15 76 165 -224 88 83 201 -85 26 109 3 29 -192 -13 187 -196 122 232 206 114 -52 99 -231 -160 -87 69 -209 235 133 -182 -56 -201 175 -9 -128 142 228 -123 -37 126 -111 -125 -170 -139 105 193 -22 100 -41 140 93 -133 -206 -27 -124 -244 -137 85 223 -29 -83 207 -175 -43 -81 -180 -167 -60 -98 70 -21 226 243 -104 198 219 -144 43 -51 159 -157 -242 233 107 94 -89 -158 120 60 -122 -3 -247 -243 241 170 -131 -141 -216 -45 59 38 61 147 -102 -35 -191 73 7 -225 46 -44 90 75 -151 146 189 -72 -77 224 -48 89 249 -12 216 -67 204 -31 -109 -15 11 -223 -169 -24 -80 188 -117 -121 -198 220 -229 209 -232 14 22 -211 -120 35 16 -214 -119 -10 -107 -64 34 25 -210 -70 -164 -92 239 103 92 -143 236 -129 -176 -246 102 240 152 211 -112 168 -6 128 167 151 -220 -241 -23 -5 -94 245 -230 -204 27 -155 171 24 185 227 96 54 -95 132 -245 -76 182 166 -84 -65 -227 -240 -34 210 -79 215 -238 230 -73 106 72 5 64 23 -199 -42 -135 -30 42 -195 -156 173 -184 71 -222 -127 191 143 -126 -90 17 202 225 115 246 178 116 -66 101 74 -4 -179 117 49 197 125 203 -138 -212 -205 50 160 4 33 55 192 -149 -234 -71 237 -93 -63 -25 221 -7 -49 -194 28 -190 12 214 -172 -32 84 1 153 -183 -58 63 -106 242 -97 -217 44 67 131 -103 -142 -20 157 9 -207 -68 66 -153 183 -140 -136 -197 -208 -28 -152 81 41 21 -134 -36 194 -38 -33 176 139 -2 82 144 -237 -203 78 163 -248 6 -193 231 -236 -249 -145 -188 0 112 -146 52 -165 180 -8 134 -189 -114 155 118 -75 -59 181 -186 79 -115 -1 -171 -61 208 135 40 234 77 -82 -53 -100 145 184 218 39 -18 32 190 97 123 -228 199 -187 -39 229 -178 -69 45 162 136 -226 2 -11 238 -200 205 -110 104 217 169 -130 -116 10 37 -86 -16 196 148 -74 124 164 65 -40 -108 -101 20 137 -118 -105 161 127 108 177 58 222 -26 91 62 -168 -218 -215 31 195 8 -78 -185 110 150 51 -159
TEST 9 ARG:-240 -5 103 56 134 90 246 -179 14 -4 -72 122 153 -19 15 -90 -29 184 -28 69 -46 -226 235 -214 200 159 -39 175 55 -42 214 115 -206 13 -31 -121 91 -158 -1 240 -153 165 87 23 -166 -235 -15 -231 -12 12 81 -60 44 239 -109 -190 -122 -131 151 -64 48 215 -102 -209 -82 -107 -233 -65 88 96 29 -10 -30 -44 -22 139 -40 -83 -133 -86 6 -144 36 -155 191 -33 -47 1 89 -220 -120 -135 218 80 10 168 -182 147 245 -186 204 -171 -57 174 -16 -69 -108 210 -247 128 53 -23 127 232 -49 -201 -14 -160 157 -151 -91 205 -177 -175 226 -176 -219 -21 -127 170 71 152 72 217 242 -236 -218 66 51 11 43 -156 -6 -43 104 68 -106 230 -189 185 113 -169 -59 171 -84 -195 18 -88 247 58 -99 -9 -188 207 206 138 -138 118 38 -230 -25 -198 182 -224 123 154 211 231 -95 192 -217 172 92 112 219 126 -3 -145 -223 111 -118 -168 179 74 -32 3 70 229 83 32 33 -225 228 -143 241 109 -26 198 -180 -241 -27 236 237 130 35 -221 -113 -141 25 40 195 -13 186 57 -212 -45 -17 190 19 -193 49 132 28 -239 -101 -181 -203 -85 30 -163 -174 140 -63 110 -137 -161 -67 42 59 -149 202 34 212 178 105 -62 -147 9 114 180 -51 -126 169 106 67 -152 -197 61 -75 248 -104 223 -48 -70 78 -123 -207 144 -191 -185 -150 22 -204 167 -92 -38 -125 75 194 -79 220 197 222 41 125 209 -100 163 -41 -76 142 84 135 -210 133 -199 233 243 -216 -250 -249 21 -200 -173 -139 244 -229 -244 -117 65 -24 5 181 146 85 -232 100 62 76 -37 -66 234 -73 60 -196 -184 -167 -36 176 141 -208 116 -74 -178 95 -11 -187 8 216 166 227 107 117 -103 221 45 143 160 54 -89 -7 119 -192 -170 26 20 -81 -61 0 136 98 -248 -56 -165 -246 -132 -237 -154 -114 137 225 -124 97 -94 189 -55 -53 208 -20 -172 -129 31 46 -119 16 -111 -116 -205 -87 187 -18 -140 -2 155 -136 -213 199 149 148 108 79 162 201 196 2 158 -148 86 -96 64 161 -71 124 37 -243 63 120 27 -130 238 77 52 -242 -112 -58 102 -194 129 -142 131 -245 -34 188 93 94 -77 203 213 24 82 39 -183 50 -238 249 -54 -222 -164 121 224 -80 4 -78 -128 -8 -68 -227 7 -146 -202 164 -159 -105 156 183 -35 101 -234 -162 193 -110 145 47 -98 -52 -211 173 177 -97 -215 -157 -115 73 -228 -134 -50 99 17 150 -93
TEST 10 ARG:-40 -77 -219 -65 194 49 174 83 131 100 216 -116 -245 -89 -163 240 -209 219 -15 -67 -181 101 173 -37 -74 -42 -86 84 223 30 -104 154 -103 217 -220 205 -48 -96 -230 225 35 238 74 42 -210 -133 26 208 -46 -135 -84 -155 48 47 -47 121 135 -164 142 -98 179 -127 127 -182 125 130 56 140 114 -225 -2 -221 -19 31 -95 -201 29 -194 -18 -50 -52 138 -236 -177 -21 41 -117 -173 206 210 -204 -161 -159 39 97 25 182 -68 185 116 81 16 -241 126 218 -8 162 -35 141 61 78 -126 88 -193 -27 146 -195 203 235 -134 234 18 -10 -200 -250 165 209 118 237 -234 33 230 -41 -113 -99 -88 -56 98 -51 148 15 -143 -101 64 27 215 -32 -231 40 103 129 -9 -186 96 82 224 -218 192 32 152 -36 112 -125 -187 221 -28 -83 149 107 -123 -140 -38 -157 168 120 244 -179 7 -152 -124 -12 -211 -87 -94 45 110 115 186 -121 196 -172 -16 204 17 95 -216 -5 -75 -64 -114 156 -151 -192 124 -57 19 70 -196 90 109 -249 -178 -85 167 184 -13 -81 -235 -4 193 139 164 11 -80 119 233 241 -131 -26 199 89 -156 -54 -243 77 20 -6 -45 -129 53 -61 190 -63 -184 43 143 183 -240 132 -119 -138 -71 -207 137 -109 -20 161 -166 86 170 -232 94 72 91 128 -227 -17 -73 0 195 -215 79 -141 -132 -154 -93 -102 -23 136 -188 67 -59 249 151 -1 105 65 12 113 -97 122 -183 102 -214 -153 93 75 -92 38 -176 -165 -90 246 202 55 176 236 171 -206 -180 -31 229 211 220 -212 -105 -79 -139 92 -146 172 -78 14 -202 117 247 -147 8 169 198 36 -115 248 -29 108 -142 -175 51 62 54 -203 160 -82 104 60 187 -62 111 68 245 -70 133 227 -55 -44 57 -169 181 180 -226 -239 -7 -158 22 -229 123 -39 -14 -76 66 153 188 -222 37 134 -25 99 4 -58 -189 -149 -110 -190 -205 -170 -197 147 -198 73 -248 -168 228 207 2 -112 145 231 239 155 201 -49 214 242 -3 -224 71 50 189 -160 163 -108 177 9 -162 23 46 87 10 -136 -228 59 175 -122 -106 -237 144 6 -246 -233 13 -223 -34 -208 -244 -148 222 243 -66 -100 213 -174 -24 226 -199 212 -72 106 -217 -238 -33 58 -120 166 -171 -118 -30 -137 200 159 69 -69 -22 63 -213 -43 -91 24 -145 158 -185 -247 28 178 -242 3 -130 76 157 -150 21 -191 -128 -111 -53 44 197 150 34 -107 -60 5 191 52 -144 -167 1 80 -11 232 85
TEST 11 ARG:201 188 71 131 184 -9 224 -153 82 -67 216 78 81 50 -79 -220 -248 -76 -4 87 -94 -215 -58 225 -244 -29 139 152 -92 155 172 101 -52 -70 52 -167 -238 76 -134 -37 -237 214 -113 189 -181 -147 -5 -65 55 2 36 -209 -138 109 -243 -115 -36 -80 -227 -11 54 59 220 -148 65 -82 242 -193 19 -78 -143 70 -229 -15 42 249 226 -35 215 -30 89 69 176 30 -144 72 245 -176 106 -239 41 66 -200 167 236 -83 200 -7 -87 -250 49 -189 -233 -140 -130 -180 4 164 153 -100 233 244 -96 217 -40 -156 -45 190 118 40 112 47 195 175 126 91 -12 -161 -166 -84 182 98 -88 -25 -221 115 -120 -38 -22 127 234 -48 -157 83 -98 204 8 23 -62 14 34 -24 -112 -131 -203 -135 12 39 -249 145 -8 -43 191 149 123 -234 -110 -146 121 -232 206 -207 33 -10 -14 -54 -44 -18 -204 -123 136 211 -205 -28 130 -145 -216 108 90 -57 183 -241 142 16 -245 231 105 -169 203 219 17 -121 171 38 157 -159 -3 107 -187 212 161 -214 -162 205 120 -213 137 -226 45 46 -13 25 6 24 88 51 246 208 -1 74 -95 13 -63 -102 151 -104 -116 -90 -50 -127 22 240 44 -128 202 -86 173 -195 -179 10 -230 31 170 -155 144 -19 -228 97 -172 -117 79 -171 -182 -53 58 60 -107 -133 -66 235 -174 129 -231 -158 128 197 -246 3 -151 -235 140 -184 -125 -236 -20 11 53 -175 135 93 150 94 -149 -247 -201 56 177 196 68 132 -197 -185 21 -49 -27 -73 -31 -56 -6 -142 163 -150 138 67 -41 104 -170 238 -124 -59 199 -60 -111 -139 -39 20 -199 35 -202 -108 29 117 -136 43 116 85 -242 227 221 232 -33 -165 -183 9 -109 75 143 -61 125 -51 247 -99 -97 -198 -222 -219 -194 -103 -32 192 194 -69 -223 178 -163 28 -173 -137 222 110 159 134 7 1 198 -68 124 73 209 -225 210 -218 57 166 174 -178 -85 0 119 15 165 -141 -160 -168 111 -64 -77 185 -23 96 187 32 218 -105 -212 -26 103 228 37 -106 -118 113 -240 -190 -129 64 146 -119 26 18 -55 -71 241 154 -211 80 -89 -16 -91 86 148 169 62 229 179 -47 -46 -72 61 92 193 5 248 77 -42 -93 -208 -154 -217 99 158 -210 186 230 -34 -177 -101 -191 100 -122 133 160 95 237 207 63 -132 -81 168 -188 147 -126 -206 -186 162 114 -2 223 122 -75 -152 243 -224 141 -21 213 -17 180 -196 84 -74 48 27 -192 181 239 102 -114 156 -164
TEST 12 ARG:-192 -99 -15 63 91 -243 0 215 -211 -115 -188 -113 192 8 248 65 53 133 249 83 116 -45 229 119 154 112 202 -87 -159 -68 176 188 89 213 -74 -37 -137 -16 -81 -59 33 42 -51 -112 79 -34 -196 67 39 -100 -146 27 207 115 -9 182 197 -89 -73 -17 -20 177 2 -232 29 -145 -62 24 -13 -164 -47 -136 113 242 9 -110 85 58 -231 -91 173 64 -24 -3 -157 142 -130 -111 -72 -204 151 165 80 -105 234 62 -212 208 183 -58 -161 -48 -142 -140 -143 -121 -158 -30 98 -238 47 110 -8 156 114 161 -235 163 -71 28 210 22 -207 -225 -191 97 205 41 -247 1 -66 223 18 239 -152 198 111 241 -239 -75 245 107 -118 81 228 -217 -166 20 150 86 -86 124 6 50 26 25 -195 34 -214 -219 -135 -229 203 -22 -80 123 -46 -169 31 -155 -147 -41 -187 -88 32 139 -79 -186 60 179 68 105 -104 -177 194 -95 -154 -180 -36 21 -151 -236 -124 -218 169 17 -101 -122 84 243 11 153 186 -96 146 -202 -109 76 -28 226 -21 145 40 15 127 -42 66 -119 122 159 193 109 106 -172 -26 246 185 147 10 -224 130 49 178 -168 100 -153 -189 219 140 3 -6 -11 -198 131 -178 52 -77 135 -248 -52 -203 -35 -98 36 174 235 70 227 -250 -139 152 -31 -242 95 190 46 -69 -57 -208 -181 -70 72 -94 55 -40 -53 -61 73 167 -114 -184 -141 -106 221 82 -237 191 -160 -223 -227 231 137 -4 30 -83 238 181 77 -174 35 -12 172 141 -60 240 196 120 -103 216 180 175 -171 4 -43 138 -233 -215 108 -5 189 38 155 -2 13 200 218 164 -38 -206 -156 -65 -234 19 16 -55 -32 -222 -213 48 204 -210 -209 134 233 -117 -1 88 125 -49 -163 99 -173 209 222 -25 -182 217 75 118 103 -29 184 57 -18 -123 -176 247 -185 162 211 43 -138 -148 225 101 -133 -230 -128 -102 157 -23 61 171 -27 5 -244 -63 54 -162 -76 44 -107 128 -131 7 74 -246 -129 -190 23 170 -92 -82 214 158 -132 -194 -197 224 -84 -175 -19 93 -33 -179 144 199 -134 104 -170 -226 78 232 195 136 -85 -127 166 -44 148 59 126 -167 187 117 143 -201 96 160 -220 -193 -7 -50 -216 -78 -249 -10 244 14 -116 -93 -54 51 -97 87 212 220 12 92 71 206 -228 37 69 90 129 121 -56 -150 168 149 -149 94 -14 -39 -221 -125 237 -108 -64 -199 -240 -205 132 236 -241 -120 -245 -144 -67 -183 -200 56 230 201 45 102 -126 -90 -165
TEST 13 ARG:42 224 -93 -152 46 -168 -117 -89 141 40 -21 -174 -135 94 202 12 -88 89 -97 196 44 178 217 128 48 -112 -49 99 -107 233 -163 -103 110 75 117 78 53 -72 -57 -236 -247 -105 232 76 -101 -24 -180 83 -214 -119 -177 -123 22 210 -70 -54 161 72 -1 -81 -74 77 -191 228 -208 -83 60 125 238 -67 97 192 55 -99 68 -29 -127 59 229 -145 -221 183 -154 211 -249 194 86 28 158 -23 -183 -124 159 -169 50 118 -52 -79 214 193 1 -104 -193 225 -17 33 2 -98 41 -151 108 103 109 176 124 182 -188 -118 85 -235 -46 -244 -92 90 8 -130 -134 187 -248 234 227 73 -121 35 122 -238 27 -7 231 -22 116 184 -146 180 175 -203 -115 -179 155 130 -215 51 -190 -243 -137 173 -232 131 -200 9 -195 -196 115 -205 18 -250 -224 -68 -226 -126 -66 74 -210 -148 199 -94 -51 113 -175 -181 190 45 -91 -87 -140 -199 -162 212 105 -209 164 -230 -204 243 -75 84 123 -149 -125 222 -167 -165 236 -153 140 -131 -4 -33 -138 -213 -47 139 -178 -2 -129 170 -111 13 -82 7 17 119 25 10 239 133 -192 -245 -53 -69 207 -34 -96 -10 100 221 -77 235 -8 -161 -142 -225 66 -86 -27 -242 206 -228 -184 -186 92 -176 -173 -240 174 249 -11 -3 -202 71 245 135 167 43 82 198 129 -108 21 -212 -5 -139 -241 168 98 -102 149 -85 137 39 69 96 154 -182 -160 -218 37 -20 15 242 -133 -136 11 54 197 -223 208 -100 160 -80 -172 -76 -25 62 157 -90 142 -28 -185 0 -84 -6 -95 127 64 -227 -110 240 195 -128 -147 -207 248 -9 112 244 -45 31 -13 226 -237 -78 -12 -116 -109 -32 -38 95 204 120 -229 23 237 61 -239 -219 216 -36 -150 91 49 114 191 -143 -40 107 63 19 52 34 -42 223 -141 150 -64 70 241 93 20 156 -19 -234 203 -58 4 205 146 6 79 -30 81 -59 14 -197 189 -246 172 -15 104 -71 -43 -158 -222 -26 57 -132 -56 80 171 -113 121 -18 -63 -166 -231 -233 147 24 230 -144 -156 32 -211 -114 143 -41 148 -62 29 177 -60 144 163 -48 153 -157 -220 -198 209 -14 26 111 38 -122 -65 186 218 -39 87 169 -120 165 30 213 -50 3 -217 247 179 -171 145 246 -61 136 181 16 67 -155 188 152 101 -55 5 106 -44 -194 201 -35 -170 -189 151 36 56 58 -16 -164 65 138 -106 -206 47 -73 -187 219 126 166 185 200 -31 -201 162 -159 102 134 220 215 132 88 -37 -216
TEST 14 ARG:50 134 -240 -39 188 -165 -248 -232 -127 208 240 91 171 203 -4 239 62 137 58 -131 40 205 -105 -132 245 -238 -190 94 -178 -13 102 -204 218 144 177 -80 187 -200 97 -123 220 -1 -50 -194 -242 178 17 -203 -93 -108 -81 -205 247 180 -250 -221 -74 235 15 152 -206 107 3 41 133 6 237 229 -141 -189 162 -148 -18 154 104 -117 -27 127 174 -220 161 -47 232 14 103 249 -72 181 21 -94 -211 -106 151 -235 -155 246 10 -225 226 -152 -214 146 4 212 -109 -112 -86 -208 -29 -118 113 244 248 74 -87 227 -21 -145 219 -84 -38 196 -201 -88 37 -66 9 5 -184 111 -191 149 197 153 168 2 72 65 8 184 -150 -134 126 -115 199 -192 -228 150 140 -3 -239 78 -85 -164 -65 195 -107 -51 206 228 81 -48 117 -174 -116 -199 25 -59 194 121 86 -186 75 30 -75 -217 100 217 92 89 44 -120 -23 -30 -143 82 192 101 132 -10 -247 45 -197 122 -229 22 36 73 -56 67 -100 52 119 -130 42 -161 -54 -103 66 85 -230 -110 -163 193 167 175 -60 -52 23 90 215 160 -35 0 64 35 209 -20 -90 -15 115 -125 -121 49 241 32 -25 -218 55 238 169 112 129 19 87 -198 -82 63 57 210 -37 38 -104 -11 -168 13 -63 -95 -19 -175 -139 77 48 88 -2 142 -176 156 145 -137 61 -97 -185 -113 -99 -9 33 -55 -147 116 -124 -78 -202 211 -31 213 71 190 -166 83 -16 16 -187 -188 -158 26 -167 98 -111 20 -234 -140 43 -233 -5 -36 120 -146 -33 -151 -226 -177 -144 147 -142 242 236 -195 224 27 53 183 -6 28 -71 59 -224 69 95 -153 165 -68 -149 -213 -183 76 198 182 29 135 -135 -114 -91 -24 -67 170 221 -216 -126 186 -89 -28 39 -169 -237 -171 -157 -246 -64 -236 -172 216 60 -42 70 -156 79 -44 -180 159 -170 189 -154 68 118 -159 -70 -209 -182 -160 -212 124 56 -73 -77 -162 -249 -181 -62 -34 18 -215 -61 230 -96 51 202 -122 84 105 158 46 -53 31 155 -45 157 93 -219 -98 96 114 201 233 138 -40 -14 -223 1 -43 -243 -173 225 -138 231 -101 -57 176 204 -32 -76 24 110 214 -83 123 -231 109 -196 141 130 99 -133 131 143 -49 -7 -8 200 172 164 139 11 185 -41 -17 166 106 173 -207 -241 -136 80 207 234 -245 34 54 -69 108 -46 125 -227 -119 -179 12 -102 -58 243 -222 -92 136 163 -26 -244 148 -210 -193 128 -79 222 191 -12 47 179 223 -129 -128 -22 7
TEST 15 ARG:63 -41 28 186 82 151 99 -124 -108 176 -133 -163 185 -103 -129 190 112 142 -49 -131 197 166 49 10 229 38 18 -243 126 242 -195 120 -180 -144 -240 -139 182 -135 -48 64 220 70 -210 76 69 67 154 14 -199 -22 -35 205 115 198 80 95 214 203 -37 86 -98 145 -217 -159 -156 -187 -221 179 -9 217 103 127 232 141 -141 15 -198 122 -130 92 -86 85 -64 -65 -58 73 39 125 -193 180 239 224 -118 -154 54 -110 -61 -244 84 58 2 -178 -202 211 -27 -29 -247 -223 160 -233 174 -153 -146 81 191 91 66 208 165 240 195 188 -12 -76 -143 138 16 50 -212 -117 -73 -23 -109 243 -155 -204 -175 -88 -7 -53 60 234 -33 231 -51 -225 -46 26 52 -5 98 -207 -77 187 -170 -161 249 235 152 -10 -227 -36 143 -121 170 -245 109 -169 -90 175 139 -246 102 194 -126 -31 -218 -75 88 -183 -190 -136 65 100 -229 192 -241 -59 -3 207 -145 -216 -107 215 149 -81 -205 -95 110 -171 -191 -116 -104 227 31 222 -28 34 79 245 77 169 -93 -167 218 -166 -192 -219 47 94 162 7 97 -34 89 -214 -248 -82 -182 219 -119 129 108 -20 -45 36 228 -230 209 199 202 -120 123 -168 -165 -106 -101 156 136 62 -69 237 247 200 238 71 -150 133 189 158 -249 25 246 -160 -173 -40 -194 -148 -87 75 130 29 -213 210 177 0 1 17 51 113 167 -222 135 -39 27 -208 119 -234 -113 -84 -66 55 181 61 -92 118 -100 -172 -70 -149 -13 236 -78 -152 -83 40 184 163 -99 -91 -176 -96 -228 101 57 221 -177 -1 -232 -181 -206 -242 148 -8 128 117 144 19 42 -211 46 111 248 -196 56 72 -11 -80 -2 -57 -174 233 106 -250 146 12 -68 13 -30 -89 204 -56 -125 153 134 -16 -21 -147 -14 -54 6 -19 241 4 213 -52 164 44 178 -25 -189 -215 -237 -26 68 -128 155 -157 124 161 78 59 -188 -123 225 -231 -134 48 -55 -197 37 74 223 -71 168 83 -115 -226 32 3 -97 33 116 -179 -18 -142 -47 -32 -239 -186 22 -235 -162 93 96 20 -137 9 -67 193 8 21 244 -112 24 172 53 104 212 159 114 30 -236 -62 107 45 -114 150 -158 -111 -122 183 -50 -4 137 226 5 -38 -15 -17 -94 -6 147 206 -224 -105 -60 -151 -238 201 -203 -140 230 11 -74 140 -42 216 87 -201 121 23 90 -24 41 157 -127 -44 105 -164 -102 131 171 173 -138 -43 132 -185 -132 -220 196 -79 -85 -63 43 -200 -184 35 -209 -72
TEST 16 ARG:223 -9 218 89 138 123 181 -167 162 -183 244 -211 -115 -117 -56 -102 241 -29 86 215 -177 -223 -74 141 -132 95 133 116 -51 -236 -101 -225 -182 173 204 113 13 -110 127 221 79 -131 -186 -85 180 -180 -248 -88 81 227 -69 -111 -157 118 -209 61 -120 192 -246 128 -118 222 -190 194 247 14 -58 130 -206 214 38 -84 185 32 134 -97 -202 33 -79 131 -44 126 53 115 219 -161 50 -150 101 170 -17 46 -221 -27 -197 -245 8 172 151 -11 -107 -235 203 -62 88 68 146 -81 -109 144 -220 189 74 -7 -89 122 230 -232 -148 -91 -210 -185 -26 235 -184 70 59 176 111 -96 19 82 45 -42 -156 245 178 -228 71 120 -66 -22 -12 -71 84 -200 -230 -144 -75 58 106 -215 -147 -152 25 11 43 159 -83 51 -114 202 72 -153 -179 -187 -168 -219 -124 -59 76 -191 -218 225 -146 -160 -142 100 -67 -145 -250 201 -216 0 97 -244 -198 -31 171 -196 243 161 246 -70 129 -37 -94 -93 175 206 183 42 27 21 -99 186 -36 -50 -40 26 -155 44 242 -207 31 -163 -192 -54 -126 93 -113 80 -16 -39 103 -90 -171 -159 78 23 -123 35 200 143 -52 248 30 -68 29 188 213 -34 119 -224 205 234 -201 198 -151 -234 174 37 -98 -46 -105 54 85 -249 191 -129 -138 -222 209 -33 212 75 -78 -100 -176 -55 -238 -175 208 108 -208 -63 -119 153 -2 169 -217 -60 91 112 1 -127 140 217 -130 -5 -136 -172 -104 -189 139 210 92 145 177 226 229 182 73 -174 -178 -15 195 109 -116 -20 239 132 -213 160 155 -143 67 39 -106 -203 55 -229 157 3 -237 -30 -133 -108 238 9 -14 77 -170 163 -41 -65 -21 117 12 -76 211 83 237 135 167 -73 87 -112 -227 -162 16 -135 20 166 -240 187 232 4 -125 -57 -45 -64 52 90 7 -166 -61 56 -23 -8 -18 -32 -19 110 -141 48 2 207 -1 -10 -193 236 147 152 -158 60 -188 199 5 -103 64 -35 41 -231 114 149 196 168 -24 148 136 -149 233 -243 121 -165 -169 -154 -77 -28 94 -38 124 -82 -72 28 220 158 62 -13 99 -3 -239 24 40 164 156 137 96 22 6 125 -92 -199 -134 165 249 65 -242 -181 -6 98 -48 -87 179 -25 15 193 -140 228 36 -137 -53 240 -233 66 69 -86 102 10 63 142 -95 216 -47 -49 57 -194 150 -80 -204 154 -214 -247 -205 -122 -173 197 105 18 107 34 231 -128 -43 104 -139 -212 -4 190 -241 -226 17 224 -121 49 -164 184 -195 47
